NACA 0021                                       
 Alfa =  10.00000 Re =        0.000 Xflap,Yflap =     0.000000    0.000000
#    x        y        Cp  
   1.00000  0.00221  0.59169
   0.99140  0.00431  0.38197
   0.97733  0.00770  0.28270
   0.96179  0.01137  0.20484
   0.94483  0.01531  0.14039
   0.92653  0.01946  0.08230
   0.90709  0.02378  0.02871
   0.88672  0.02821 -0.02196
   0.86561  0.03268 -0.07009
   0.84397  0.03716 -0.11639
   0.82194  0.04160 -0.16118
   0.79965  0.04597 -0.20507
   0.77718  0.05027 -0.24818
   0.75461  0.05446 -0.29091
   0.73197  0.05855 -0.33365
   0.70931  0.06252 -0.37627
   0.68665  0.06637 -0.41943
   0.66403  0.07008 -0.46309
   0.64146  0.07365 -0.50757
   0.61897  0.07708 -0.55281
   0.59658  0.08035 -0.59936
   0.57430  0.08346 -0.64699
   0.55215  0.08639 -0.69595
   0.53015  0.08915 -0.74655
   0.50832  0.09171 -0.79848
   0.48668  0.09408 -0.85252
   0.46525  0.09624 -0.90774
   0.44406  0.09819 -0.96556
   0.42311  0.09991 -1.02472
   0.40245  0.10139 -1.08627
   0.38210  0.10263 -1.14959
   0.36207  0.10362 -1.21522
   0.34242  0.10435 -1.28274
   0.32317  0.10482 -1.35259
   0.30437  0.10502 -1.42401
   0.28604  0.10495 -1.49782
   0.26825  0.10462 -1.57330
   0.25102  0.10402 -1.65023
   0.23442  0.10316 -1.72900
   0.21848  0.10206 -1.80893
   0.20324  0.10073 -1.88968
   0.18874  0.09919 -1.97155
   0.17500  0.09745 -2.05358
   0.16202  0.09555 -2.13577
   0.14982  0.09351 -2.21817
   0.13838  0.09134 -2.30057
   0.12768  0.08908 -2.38154
   0.11769  0.08673 -2.46287
   0.10838  0.08432 -2.54317
   0.09970  0.08186 -2.62219
   0.09162  0.07936 -2.70062
   0.08409  0.07684 -2.77743
   0.07708  0.07429 -2.85410
   0.07054  0.07173 -2.92700
   0.06445  0.06916 -3.00060
   0.05876  0.06658 -3.07137
   0.05344  0.06399 -3.13854
   0.04847  0.06139 -3.20426
   0.04383  0.05878 -3.26586
   0.03949  0.05617 -3.32343
   0.03543  0.05354 -3.37594
   0.03164  0.05091 -3.42200
   0.02811  0.04826 -3.45785
   0.02481  0.04560 -3.48922
   0.02174  0.04292 -3.50621
   0.01889  0.04022 -3.50966
   0.01626  0.03751 -3.49949
   0.01384  0.03477 -3.46854
   0.01162  0.03202 -3.41920
   0.00960  0.02925 -3.34461
   0.00779  0.02646 -3.24582
   0.00617  0.02365 -3.12094
   0.00475  0.02084 -2.96423
   0.00352  0.01802 -2.78607
   0.00248  0.01520 -2.57799
   0.00163  0.01238 -2.35185
   0.00097  0.00958 -2.10900
   0.00049  0.00680 -1.85411
   0.00017  0.00405 -1.59633
   0.00002  0.00134 -1.34079
   0.00002 -0.00134 -1.09632
   0.00017 -0.00405 -0.85735
   0.00049 -0.00680 -0.62042
   0.00097 -0.00958 -0.39215
   0.00163 -0.01238 -0.17176
   0.00248 -0.01520  0.03265
   0.00352 -0.01802  0.22134
   0.00474 -0.02084  0.38825
   0.00617 -0.02365  0.53393
   0.00779 -0.02646  0.65777
   0.00960 -0.02924  0.75977
   0.01162 -0.03202  0.84078
   0.01384 -0.03477  0.90302
   0.01626 -0.03751  0.94798
   0.01889 -0.04022  0.97776
   0.02174 -0.04292  0.99458
   0.02481 -0.04560  0.99999
   0.02811 -0.04826  0.99592
   0.03164 -0.05091  0.98385
   0.03543 -0.05354  0.96522
   0.03949 -0.05617  0.94106
   0.04383 -0.05878  0.91248
   0.04847 -0.06139  0.88036
   0.05344 -0.06399  0.84510
   0.05875 -0.06658  0.80784
   0.06445 -0.06916  0.76865
   0.07054 -0.07173  0.72833
   0.07708 -0.07429  0.68695
   0.08409 -0.07684  0.64491
   0.09162 -0.07936  0.60299
   0.09970 -0.08186  0.56072
   0.10838 -0.08432  0.51894
   0.11769 -0.08673  0.47759
   0.12768 -0.08908  0.43747
   0.13838 -0.09134  0.39803
   0.14982 -0.09351  0.36025
   0.16202 -0.09555  0.32399
   0.17500 -0.09745  0.28969
   0.18874 -0.09919  0.25744
   0.20324 -0.10073  0.22749
   0.21848 -0.10206  0.19995
   0.23442 -0.10316  0.17482
   0.25102 -0.10402  0.15236
   0.26824 -0.10462  0.13221
   0.28604 -0.10495  0.11477
   0.30437 -0.10502  0.09946
   0.32317 -0.10482  0.08644
   0.34242 -0.10435  0.07560
   0.36207 -0.10362  0.06643
   0.38209 -0.10263  0.05935
   0.40245 -0.10139  0.05374
   0.42311 -0.09991  0.04954
   0.44406 -0.09819  0.04686
   0.46525 -0.09624  0.04517
   0.48668 -0.09408  0.04464
   0.50832 -0.09171  0.04522
   0.53015 -0.08915  0.04641
   0.55215 -0.08639  0.04863
   0.57430 -0.08346  0.05143
   0.59658 -0.08035  0.05520
   0.61897 -0.07708  0.05928
   0.64146 -0.07365  0.06421
   0.66403 -0.07008  0.06990
   0.68665 -0.06637  0.07605
   0.70931 -0.06252  0.08307
   0.73197 -0.05855  0.09081
   0.75461 -0.05446  0.09954
   0.77718 -0.05027  0.10919
   0.79965 -0.04597  0.12020
   0.82194 -0.04160  0.13252
   0.84397 -0.03716  0.14635
   0.86561 -0.03268  0.16251
   0.88672 -0.02821  0.18108
   0.90709 -0.02378  0.20256
   0.92653 -0.01946  0.22776
   0.94483 -0.01531  0.25809
   0.96179 -0.01137  0.29541
   0.97733 -0.00770  0.34555
   0.99140 -0.00431  0.41788
   1.00000 -0.00221  0.59169
