NACA 0021                                       
 Alfa =   0.00000 Re =        0.000 Xflap,Yflap =     0.000000    0.000000
#    x        y        Cp  
   1.00000  0.00221  0.57899
   0.99140  0.00431  0.38138
   0.97733  0.00770  0.29315
   0.96179  0.01137  0.22749
   0.94483  0.01531  0.17549
   0.92653  0.01946  0.13040
   0.90709  0.02378  0.09035
   0.88672  0.02821  0.05376
   0.86561  0.03268  0.02024
   0.84397  0.03716 -0.01108
   0.82194  0.04160 -0.04036
   0.79965  0.04597 -0.06833
   0.77718  0.05027 -0.09498
   0.75461  0.05446 -0.12070
   0.73197  0.05855 -0.14589
   0.70931  0.06252 -0.17024
   0.68665  0.06637 -0.19446
   0.66403  0.07008 -0.21833
   0.64146  0.07365 -0.24216
   0.61897  0.07708 -0.26580
   0.59658  0.08035 -0.28964
   0.57430  0.08346 -0.31342
   0.55215  0.08639 -0.33725
   0.53015  0.08915 -0.36135
   0.50832  0.09171 -0.38530
   0.48668  0.09408 -0.40971
   0.46525  0.09624 -0.43362
   0.44406  0.09819 -0.45814
   0.42311  0.09991 -0.48203
   0.40245  0.10139 -0.50611
   0.38210  0.10263 -0.52969
   0.36207  0.10362 -0.55301
   0.34242  0.10435 -0.57568
   0.32317  0.10482 -0.59775
   0.30437  0.10502 -0.61863
   0.28604  0.10495 -0.63874
   0.26825  0.10462 -0.65740
   0.25102  0.10402 -0.67435
   0.23442  0.10316 -0.68981
   0.21848  0.10206 -0.70321
   0.20324  0.10073 -0.71421
   0.18874  0.09919 -0.72331
   0.17500  0.09745 -0.72951
   0.16202  0.09555 -0.73311
   0.14982  0.09351 -0.73422
   0.13838  0.09134 -0.73271
   0.12768  0.08908 -0.72773
   0.11769  0.08673 -0.72058
   0.10838  0.08432 -0.71052
   0.09970  0.08186 -0.69717
   0.09162  0.07936 -0.68133
   0.08409  0.07684 -0.66207
   0.07708  0.07429 -0.64073
   0.07054  0.07173 -0.61467
   0.06445  0.06916 -0.58681
   0.05876  0.06658 -0.55525
   0.05344  0.06399 -0.51925
   0.04847  0.06139 -0.48042
   0.04383  0.05878 -0.43713
   0.03949  0.05617 -0.38996
   0.03543  0.05354 -0.33821
   0.03164  0.05091 -0.28189
   0.02811  0.04826 -0.21907
   0.02481  0.04560 -0.15422
   0.02174  0.04292 -0.08201
   0.01889  0.04022 -0.00504
   0.01626  0.03751  0.07603
   0.01384  0.03477  0.16275
   0.01162  0.03202  0.25206
   0.00960  0.02925  0.34508
   0.00779  0.02646  0.43866
   0.00617  0.02365  0.53175
   0.00475  0.02084  0.62352
   0.00352  0.01802  0.70848
   0.00248  0.01520  0.78747
   0.00163  0.01238  0.85574
   0.00097  0.00958  0.91212
   0.00049  0.00680  0.95534
   0.00017  0.00405  0.98407
   0.00002  0.00134  0.99827
   0.00002 -0.00134  0.99825
   0.00017 -0.00405  0.98411
   0.00049 -0.00680  0.95525
   0.00097 -0.00958  0.91241
   0.00163 -0.01238  0.85558
   0.00248 -0.01520  0.78747
   0.00352 -0.01802  0.70857
   0.00474 -0.02084  0.62306
   0.00617 -0.02365  0.53243
   0.00779 -0.02646  0.43882
   0.00960 -0.02924  0.34462
   0.01162 -0.03202  0.25250
   0.01384 -0.03477  0.16236
   0.01626 -0.03751  0.07620
   0.01889 -0.04022 -0.00489
   0.02174 -0.04292 -0.08258
   0.02481 -0.04560 -0.15300
   0.02811 -0.04826 -0.22021
   0.03164 -0.05091 -0.28184
   0.03543 -0.05354 -0.33788
   0.03949 -0.05617 -0.38987
   0.04383 -0.05878 -0.43730
   0.04847 -0.06139 -0.48001
   0.05344 -0.06399 -0.51975
   0.05875 -0.06658 -0.55483
   0.06445 -0.06916 -0.58690
   0.07054 -0.07173 -0.61496
   0.07708 -0.07429 -0.64020
   0.08409 -0.07684 -0.66257
   0.09162 -0.07936 -0.68104
   0.09970 -0.08186 -0.69723
   0.10838 -0.08432 -0.71040
   0.11769 -0.08673 -0.72075
   0.12768 -0.08908 -0.72776
   0.13838 -0.09134 -0.73256
   0.14982 -0.09351 -0.73422
   0.16202 -0.09555 -0.73325
   0.17500 -0.09745 -0.72948
   0.18874 -0.09919 -0.72317
   0.20324 -0.10073 -0.71431
   0.21848 -0.10206 -0.70312
   0.23442 -0.10316 -0.68982
   0.25102 -0.10402 -0.67438
   0.26824 -0.10462 -0.65746
   0.28604 -0.10495 -0.63862
   0.30437 -0.10502 -0.61872
   0.32317 -0.10482 -0.59769
   0.34242 -0.10435 -0.57557
   0.36207 -0.10362 -0.55313
   0.38209 -0.10263 -0.52968
   0.40245 -0.10139 -0.50601
   0.42311 -0.09991 -0.48215
   0.44406 -0.09819 -0.45790
   0.46525 -0.09624 -0.43381
   0.48668 -0.09408 -0.40959
   0.50832 -0.09171 -0.38529
   0.53015 -0.08915 -0.36134
   0.55215 -0.08639 -0.33729
   0.57430 -0.08346 -0.31347
   0.59658 -0.08035 -0.28949
   0.61897 -0.07708 -0.26592
   0.64146 -0.07365 -0.24219
   0.66403 -0.07008 -0.21830
   0.68665 -0.06637 -0.19446
   0.70931 -0.06252 -0.17031
   0.73197 -0.05855 -0.14577
   0.75461 -0.05446 -0.12073
   0.77718 -0.05027 -0.09501
   0.79965 -0.04597 -0.06823
   0.82194 -0.04160 -0.04036
   0.84397 -0.03716 -0.01116
   0.86561 -0.03268  0.02032
   0.88672 -0.02821  0.05382
   0.90709 -0.02378  0.09035
   0.92653 -0.01946  0.13035
   0.94483 -0.01531  0.17544
   0.96179 -0.01137  0.22756
   0.97733 -0.00770  0.29317
   0.99140 -0.00431  0.38145
   1.00000 -0.00221  0.57899
